'' 1 334
're 1 340
's 3 346
've 2 364
+bahia 1 375
,100 1 379
-- 2 385
... 1 397
.125 1 403
.3322 1 408
: 9 414
0.39 1 462
0.53 1 466
0.75 1 472
0.99 1 477
1 3 481
1,001,430 1 498
1,035,000 1 503
1,142,000 1 508
1,428,000 1 513
1,545,160 1 518
1,655.8 1 523
1,715,000 1 527
1,750 1 532
1,780 1 536
1,850 1 540
1,850,000 1 544
1,870 1 549
1,875 1 553
1,880 1 557
1-1 1 561
1.00 1 567
1.04 1 572
1.06 2 577
1.1 1 586
1.10 1 591
1.11 1 596
1.12 1 601
1.19 2 606
1.21 1 616
1.22 2 621
1.24 1 631
1.25 1 635
1.27 1 640
1.28 1 645
1.3 1 650
1.34 3 655
1.35 1 672
1.4 3 676
1.40 1 692
1.41 1 697
1.47 1 702
1.48 1 707
1.49 1 712
1.5 1 717
1.50 2 722
1.51 1 733
1.52 1 738
1.53 2 743
1.54 1 753
1.56 1 758
1.59 2 763
1.64 1 773
1.65 1 778
1.66 1 782
1.68 1 787
1.7 1 792
1.70 1 797
1.71 1 802
1.73 1 807
1.75 1 812
1.8 1 817
1.80 2 823
1.84 1 834
1.85 1 839
1.87 1 844
1.9 1 849
1.92 1 854
1.94 2 858
1.95 1 869
1.98 1 874
10 8 880
10,010 1 925
10,253 1 931
10,694,081 1 937
10,920 1 942
10.0 3 948
10.1 1 963
10.4 1 968
10.42 1 973
10.6 1 979
10.9 1 984
100 2 989
100.9 1 998
103 1 1002
104,606,000 1 1008
107-1 1 1013
107.3 1 1018
107.77 1 1022
109 1 1027
11 4 1032
11,382 1 1052
11,830 1 1058
11-5 1 1064
11.3 1 1069
11.4 1 1075
110,000 1 1080
110,311,000 1 1085
110.6 1 1090
111.2 2 1096
111.8 1 1108
112-1 1 1112
114 1 1117
117,866 1 1122
117.6 1 1127
119.05 1 1131
12 5 1136
12,740 1 1162
12.1 1 1168
12.2 2 1173
12.6 1 1184
12.75 1 1189
12.8 1 1195
120 1 1201
121,168 1 1206
125 1 1211
127-1 1 1216
129,000 1 1221
13 9 1226
13,555,000 1 1274
13.0 1 1279
13.16 1 1283
13.2 1 1289
13.6 1 1293
131 1 1299
131,950 1 1305
131.4 1 1311
132,000 1 1316
132-1 1 1321
135 1 1326
137-1 1 1331
138.9 1 1336
14 3 1341
14,560 1 1356
14,635,000 1 1362
14.5 2 1367
14.6 1 1376
140 1 1382
143,780 1 1387
145 1 1393
145.3 1 1398
149.8 1 1402
15 7 1406
15,917.2 1 1445
15.0 1 1451
15.8 1 1455
15.9 2 1461
150 2 1470
151.1 2 1481
151.9 1 1491
152.0 1 1496
155,221 1 1502
156,124 1 1506
16 3 1512
16,000 1 1530
16,568,000 1 1535
16.0 1 1540
16.00 1 1545
16.1 1 1551
16.74 1 1556
16.9 1 1562
160,109 1 1567
160,160 1 1573
1630 1 1579
164.6 1 1584
166.1 1 1588
17 3 1592
17,583 1 1608
17.05 1 1614
17.18 1 1620
17.25 1 1626
175,691 1 1632
18 2 1638
18,876 1 1648
18.49 1 1654
18.6 1 1659
182.4 1 1664
184,649,000 1 1668
186,790,000 1 1673
19 3 1678
19.5 1 1692
19.6 1 1697
195 1 1702
197,000 1 1707
1978 1 1712
198 1 1717
1981 1 1722
1983 1 1726
1984 2 1731
1985 1 1740
1986 3 1746
1987 1 1764
1988 2 1770
1st 1 1780
2 1 1785
2,188,933 1 1791
2,227,000 1 1796
2,285,000 1 1801
2,325 1 1806
2,330,000 1 1810
2,332,397 1 1815
2,375 1 1820
2,380 1 1824
2,400 1 1828
2,516,000 1 1832
2,666,000 1 1837
2,692.4 1 1842
2,858,000 1 1846
2,986,000 1 1851
2-1 1 1856
2.0 1 1861
2.04 1 1865
2.1 2 1870
2.10 1 1882
2.17 1 1887
2.18 1 1892
2.2 2 1897
2.23 1 1909
2.27 1 1914
2.28 1 1918
2.3 1 1922
2.34 1 1928
2.39 1 1932
2.4 1 1937
2.40 1 1942
2.49 1 1946
2.50 1 1951
2.52 2 1956
2.54 1 1966
2.55 1 1971
2.58 1 1975
2.6 2 1980
2.60 1 1991
2.61 1 1996
2.62 1 2001
2.63 1 2006
2.64 1 2011
2.65 1 2016
2.7 1 2021
2.71 1 2026
2.72 1 2031
2.78 1 2036
2.86 1 2041
2.87 1 2046
2.9 3 2051
2.90 1 2067
2.91 1 2072
2.92 1 2077
2.96 1 2082
2.98 1 2087
2.99 1 2092
20 3 2097
20.0 1 2115
20.4 1 2119
20.792 1 2123
20.9 1 2128
200 1 2133
200,000 1 2139
2000 1 2144
203,000 1 2150
205,000 1 2155
21 1 2161
21,782,929 1 2167
21,840 1 2172
21.1 1 2178
21.6 1 2182
2100 1 2187
211 1 2193
212.5 1 2198
213,470,000 1 2203
2130 1 2208
215,000 1 2213
218.5 1 2218
22 2 2222
22,345,718 1 2231
22.2 1 2236
22.8 1 2241
226,653,000 1 2247
23 4 2252
23.3 1 2272
23.6 1 2278
230 1 2282
236.90 1 2288
238,000 1 2293
24 2 2299
24.2 1 2310
24.5 1 2315
25 1 2319
25,190 1 2325
25,459,238 1 2331
25,873,904 1 2336
25.1 1 2341
25.2 1 2345
25.7 1 2350
250 1 2355
258,591 1 2360
26 4 2366
26,019.8 1 2388
26,108 1 2394
26,390 1 2400
26-feb-1987 1 2406
26.2 1 2412
26.3 1 2417
260,500 1 2423
264.2 1 2428
27 3 2433
28 4 2448
286,870 1 2467
29 2 2473
29-3 1 2483
29.6 1 2488
29.71 1 2494
290.9 1 2499
291.8 2 2504
298.5 1 2514
299.2 1 2519
2nd 1 2524
3,035,000 1 2529
3,320,000 1 2534
3,376,000 1 2539
3,705,000 1 2544
3,761,000 1 2550
3,926,000 1 2555
3,971,000 1 2561
3.03 1 2566
3.04 1 2571
3.05 1 2576
3.06 1 2581
3.07 3 2586
3.08 3 2601
3.09 1 2616
3.10 1 2621
3.11 1 2626
3.12 1 2631
3.15 1 2636
3.16 1 2640
3.17 1 2645
3.2 1 2650
3.23 1 2654
3.25 1 2659
3.25-i 1 2663
3.47 1 2667
3.5 1 2672
3.66 1 2678
3.7 1 2683
3.70 1 2687
3.8 1 2692
3.87 1 2697
3.98 1 2703
30 1 2708
30-40 1 2714
30.6 1 2719
300 1 2725
304 1 2731
31 1 2737
31.2 1 2743
310 1 2749
315.2 1 2755
316 1 2760
32 1 2766
32,800 1 2771
32.5 1 2777
32.9 1 2783
327.2 1 2787
33.7 1 2792
331.6 1 2796
336.63 1 2802
337 1 2807
337.3 1 2812
34 3 2817
34.3 1 2832
34.5 1 2838
34.8 1 2844
340 1 2848
35 3 2852
35,145,000 1 2868
35.1 1 2873
35.5 1 2879
350 1 2885
356 1 2889
36 2 2894
362,700 1 2905
363,000 1 2911
37 4 2916
37,000 1 2938
37,310 1 2943
37.4 1 2949
370,500 1 2953
375 2 2958
38.1 1 2968
39 1 2974
39,130 1 2979
39.9 1 2985
4 2 2989
4,104,000 1 3000
4,161.0 1 3005
4,340 1 3009
4,345 1 3013
4,350 1 3017
4,351 1 3021
4,400 1 3025
4,415 1 3029
4,450 1 3033
4,480 1 3037
4,647,000 1 3041
4,673,253 1 3046
4,841,000 1 3051
4-1 1 3056
4.00 1 3062
4.05 1 3067
4.06 1 3072
4.1 1 3077
4.10 1 3083
4.15 1 3088
4.2 1 3093
4.38 1 3099
4.45 1 3104
4.65 1 3108
4.68 1 3112
4.7 1 3117
4.75 1 3122
4.76 1 3127
4.78 1 3132
4.80 1 3137
4.81 1 3142
4.85 1 3147
4.90 1 3152
4.98 1 3157
40 2 3162
41 1 3173
41.1 1 3178
42 2 3183
43,680 1 3194
43.4 1 3200
44,092,000 1 3205
44.1 1 3210
44.8 1 3216
440.3 1 3222
442,000 1 3227
45 3 3232
45-50 1 3247
45.00 1 3252
45.1 1 3257
451 1 3261
453,300 1 3267
46 2 3273
46,254 1 3283
467,000 1 3288
47.1 1 3293
47.2 1 3298
47.6 1 3303
472.3 1 3309
479.7 1 3314
48,741,000 1 3319
48.0 1 3324
48.6 1 3328
48.7 1 3332
4th 6 3336
5 2 3370
5,050,044 1 3380
5,058,145 1 3385
5,086,000 1 3391
5,848 1 3396
5,988 1 3402
5.05 1 3407
5.24 1 3412
5.36 1 3418
5.54 1 3422
5.81 1 3426
5.86 1 3430
5.92 1 3435
5.93 1 3440
50 1 3444
50,000 1 3449
500 1 3454
500,000 1 3460
501.0 1 3465
51 1 3471
51.6 1 3476
51.7 1 3481
510.2 1 3486
52.69 1 3491
53 1 3497
53.57 1 3503
55 1 3509
55,000 1 3515
55,513,000 1 3520
55.8 1 3525
556.7 1 3529
558.9 1 3534
562,231 1 3539
569.3 1 3545
58 1 3550
6 1 3555
6,306,0000 1 3559
6,318,000 1 3564
6,635,318 1 3570
6.1 1 3575
6.13 1 3580
6.2 1 3584
6.20 1 3588
6.3 2 3593
6.4 3 3603
6.48 1 3618
6.5 1 3624
6.52 1 3630
6.54 1 3636
6.6 1 3642
6.8 1 3648
60 2 3652
60.1 1 3662
600 1 3668
61.11 1 3674
61.5 1 3679
61.8 1 3683
614 1 3687
62.94 1 3693
63.4 1 3698
63.7 1 3704
630 1 3710
64 1 3715
64.2 2 3720
644 2 3732
65.06 1 3743
65.89 1 3748
66 1 3753
66.0 1 3758
66.19 1 3763
66.2 2 3768
66.32 1 3778
67.1 1 3784
67.62 1 3789
68,004,000 1 3794
69,127,000 1 3799
7 1 3804
7,041,000 1 3808
7,075,000 1 3813
7,500 1 3818
7,577,207 1 3825
7,599 1 3831
7-1 1 3837
7-3 1 3842
7.0 1 3848
7.15 1 3852
7.20 1 3857
7.5 1 3862
7.6 1 3867
7.7 1 3873
7.9 2 3879
70 1 3888
703,000 1 3894
71 1 3900
71.6 1 3906
72 2 3911
72,000 1 3921
72-5 1 3926
720.4 2 3932
73 1 3942
733.5 1 3947
734.2 1 3953
734.6 1 3959
735.0 1 3965
736.7 1 3971
74.0 1 3977
75 1 3983
75,530 1 3988
750 1 3994
753 1 4000
76.1 1 4004
766,185 1 4008
77.4 1 4014
776.0 1 4019
779 1 4025
785 1 4030
790,000 1 4034
8 1 4040
8,843,000 1 4046
8,871,874 1 4051
80 1 4057
80.8 1 4062
801,000 1 4066
807,000 1 4072
816,000 1 4077
82 2 4083
82.7 1 4092
829,000 1 4096
84,250 1 4101
848,600 1 4106
86 1 4111
87 1 4115
87.4 1 4119
872.0 1 4123
88 1 4127
9 4 4131
9,140,000 1 4154
9,549,308 1 4159
9.0 1 4165
9.2 1 4169
9.4 3 4174
90 2 4191
906,034 1 4202
91 1 4208
92 1 4213
92.2 1 4218
93.4 1 4223
95.30 1 4228
98.7 1 4233
98.8 1 4238
992.9 1 4243
995 1 4248
997.1 1 4252
; 15 4257
> 15 4347
`` 1 4437
a 2 4443
abil 1 4455
about 2 4461
abov 1 4473
abroad 1 4479
accept 1 4484
accompani 2 4489
accord 2 4500
accordingli 1 4512
account 3 4517
acquir 5 4534
acquisit 1 4560
act 2 4566
action 1 4577
activ 1 4582
actual 1 4588
ad 4 4593
addit 1 4616
address 1 4621
adjust 4 4627
administr 2 4651
advantag 1 4662
affect 1 4668
affili 2 4673
after 3 4684
after-tax 1 4700
afternoon 2 4706
afterward 1 4717
again 3 4723
against 1 4738
agenc 1 4744
ago 5 4749
agre 1 4776
agreement 1 4781
agricultur 1 4787
all 3 4793
all-star 1 4811
allevi 1 4817
alloc 1 4821
almost 2 4827
alon 1 4837
along 1 4842
also 1 4848
although 3 4854
am 1 4869
amarillo 1 4874
amarlo 1 4879
america 2 4884
american 3 4894
amid 1 4913
among 1 4918
amount 3 4923
an 1 4939
analysi 2 4945
analyst 1 4957
analysts' 1 4963
analyt 1 4969
and 1 4975
angel 1 4981
ani 5 4987
ann 1 5015
anniversari 1 5020
announc 5 5025
annual 3 5052
anoth 2 5069
anti-infl 1 5079
anticip 1 5084
anyth 1 5089
anywher 1 5095
appli 1 5101
applic 1 5107
apprais 1 5112
approv 2 5117
apr 1 5129
april 10 5133
arbitrageur 1 5191
are 3 5196
area 1 5214
arena 1 5218
argentin 1 5224
argentina 2 5228
armor 1 5238
armr 1 5244
around 2 5250
arrang 2 5260
arriv 1 5270
arroba 1 5274
as 2 5278
asc 1 5290
asset 1 5295
associ 2 5301
at 4 5313
atfc 1 5337
atico 1 5342
attack 1 5347
attract 1 5352
aug 1 5357
australia 2 5361
author 1 5372
avail 5 5378
avearg 1 5403
averag 1 5409
avg 3 5415
avoid 1 5431
award 1 5436
axp 1 5441
b 2 5447
back 1 5457
backlog 2 5463
bag 2 5473
bahia 1 5482
balanc 1 5486
ball 1 5491
balt 1 5496
baltimore 1 5501
bancorp 1 5506
bank 1 5512
bankruptci 1 5519
barbado 1 5524
barg 1 5530
barley 1 5535
barrel 1 5539
base 2 5545
basi 3 5556
bcf 1 5571
bdm 1 5577
be 1 5582
bean 1 5588
becaus 1 5593
been 3 5599
befor 1 5617
began 2 5623
begin 2 5635
believ 1 5645
beliz 1 5651
below 2 5657
benefit 2 5668
better 1 5678
between 3 5684
beverag 1 5701
bfd 1 5706
bfdb 1 5711
bid 1 5716
bidder 1 5722
big 1 5727
bijan 1 5733
bilion 2 5739
billion 1 5751
bit 2 5757
blender 1 5768
board 5 5773
bodi 1 5799
bolivia 1 5804
bonu 1 5810
book 4 5815
boost 1 5836
borrow 1 5842
both 1 5848
bottom 1 5854
bought 3 5859
bpd 1 5877
bracket 1 5883
brazil 2 5887
brazilian 1 5898
bread 1 5902
brian 1 5906
brief 1 5911
brierley 1 5917
bring 1 5923
brli 1 5929
broker-deal 1 5934
brokerag 1 5939
brother 2 5945
brown-forman 1 5957
bu-sorghum 1 5962
budget 1 5966
bulletin 1 5972
burnham 1 5977
bushel 2 5983
busi 1 5993
but 3 5999
butter 1 6017
buy 4 6021
buyer 1 6043
by 5 6049
c.a 1 6079
cabbag 1 6085
cairo 1 6091
cake 1 6096
calcul 2 6100
calend 1 6111
call 2 6117
cambridg 1 6128
can 1 6134
canada 2 6140
canadian 1 6151
canal 1 6157
canron 1 6162
capac 1 6167
capit 1 6172
car 1 6178
care 1 6184
carl 1 6189
carload 1 6195
carniv 1 6201
carri 1 6205
carryforward 1 6210
carryov 1 6215
cash 1 6220
catapult 1 6226
cathod 1 6231
caus 1 6236
cbco 1 6242
ccc 1 6247
cdin 1 6252
cenergi 1 6257
cent 2 6263
center 3 6273
cera 1 6291
cert 1 6297
certain 4 6303
certif 1 6324
ch 1 6331
chairman 3 6335
chairmen 1 6352
champion 1 6358
chang 7 6362
character 1 6401
charg 1 6407
charter 1 6412
cheat 1 6417
chem 1 6423
chemlawn 1 6428
chicago 1 6434
chief 1 6439
chines 1 6445
cinci 1 6451
cincinnati 1 6456
cinram 1 6461
circumst 1 6466
cite 3 6471
citi 3 6487
class 1 6503
clc 1 6508
clear 1 6514
clearli 1 6520
clo 1 6526
close 2 6532
closer 1 6544
clri 1 6550
co 6 6555
coast 1 6587
cobanco 1 6593
cocoa 1 6598
cofab 1 6602
coffe 2 6607
coleco 1 6617
collaps 1 6623
colombia 1 6628
combust 1 6634
come 2 6639
comissaria 1 6649
command 1 6653
commenc 1 6659
comment 1 6664
commerci 1 6670
commiss 6 6675
commit 1 6707
committe 1 6713
commod 1 6719
common 3 6724
commun 1 6742
compani 4 6748
compar 3 6772
comparison 1 6790
compet 1 6795
complet 3 6800
compon 1 6815
comput 2 6821
concentr 1 6831
condit 6 6836
conduct 1 6869
congo 1 6874
connect 1 6880
conserv 1 6885
consid 1 6890
consider 1 6896
consign 1 6901
constitut 1 6905
consult 1 6911
consum 1 6917
contact 2 6922
continu 1 6932
contract 1 6938
contrari 1 6944
contribut 1 6950
control 3 6956
convert 2 6973
cool 1 6983
copani 1 6988
copper 1 6994
coradian 1 6999
corn 1 7004
corp 5 7009
corpor 4 7039
correct 1 7059
correspond 2 7065
cost 1 7076
costa 1 7082
costli 1 7088
cotton 1 7094
could 2 7100
countri 4 7112
court 1 7134
cover 2 7139
coverag 1 7150
covert 1 7155
cpml 1 7159
creat 2 7164
credit 1 7175
crg 1 7181
crisi 1 7187
critic 1 7192
crop 2 7198
crowley 1 7206
crude 1 7211
crumbl 1 7217
crush 1 7222
cruzado 2 7227
csp 1 7236
ct 1 7241
ctyn 1 7247
cubic 1 7253
cumul 1 7259
currenc 2 7265
current 1 7274
custom 3 7280
cut 2 7295
cwt 2 7307
cyclop 1 7316
cyl 1 7321
d 1 7326
dahl 1 7331
dahlberg 1 7337
daili 1 7343
dairi 1 7349
daniel 1 7354
data 1 7360
david 1 7366
day 2 7372
dealer 1 7384
dean 1 7389
debentur 1 7394
debenur 1 7400
debra 1 7406
debt 1 7411
dec 3 7416
decemb 6 7431
declar 6 7467
declin 5 7500
decreas 1 7526
deem 1 7532
deficit 1 7538
delay 1 7544
deleg 2 7549
deliv 1 7559
deliveri 2 7563
demand 1 7573
denver 1 7579
depart 2 7584
depend 3 7596
deposit 1 7613
deriv 1 7619
destin 1 7624
detail 2 7628
determin 1 7638
develop 1 7644
df 1 7649
dia 1 7654
diamond 1 7660
did 3 7666
differ 1 7684
differenti 1 7690
difficult 1 7696
dificulti 1 7701
dillard 1 7705
dilut 1 7711
director 3 7716
disagre 1 7731
disappear 1 7737
disclos 1 7743
discount 1 7749
discuss 2 7755
distanc 1 7765
distribut 4 7770
district 1 7790
div 1 7796
diversifi 1 7802
divert 1 7808
divestitur 1 7813
dividend 4 7819
divis 2 7843
dl 1 7854
dlr 3 7860
dlrs 1 7878
do 1 7882
doe 1 7888
dollar 5 7894
dom 1 7920
domest 1 7926
dominion 1 7931
done 1 7936
dot 1 7941
doubt 1 7946
dougla 1 7950
down 1 7955
dramat 2 7961
drexel 1 7972
dri 1 7978
drop 2 7983
drought 1 7993
due 3 7997
duluth 1 8015
dure 2 8020
durum 1 8032
e.b.i 1 8037
e.f. 1 8042
each 1 8048
earli 4 8054
earlier 2 8073
earmark 1 8085
earn 2 8090
easi 1 8102
eckenfeld 1 8108
economi 1 8114
economist 2 8119
ecuador 1 8130
edibl 1 8136
editor 1 8141
educ 1 8147
ee 1 8153
effect 7 8158
eight 4 8196
eight-memb 1 8218
el 1 8223
elect 1 8229
electr 2 8235
electron 1 8246
elev 1 8251
elgin 1 8257
elliott 1 8262
emerg 1 8267
emerson 1 8273
emh 1 8279
emhart 1 8284
emr 1 8289
enabl 1 8295
encourag 1 8301
end 1 8307
end-day 1 8313
endeavor 1 8318
energi 1 8324
engag 1 8330
engin 2 8336
enhanc 2 8346
enorm 1 8357
enough 1 8363
ensur 1 8368
enter 2 8373
entrepreu 1 8382
entri 2 8387
environ 1 8398
epsi 1 8404
epsilon 1 8410
equal 1 8416
equiti 1 8421
error 1 8427
esquir 1 8433
est 2 8438
establish 1 8449
estim 1 8454
european 1 8460
evansvil 1 8466
even 2 8471
evid 1 8482
evnsvll 1 8488
ex 1 8493
exampl 1 8498
exceed 1 8503
excess 1 8508
exchang 11 8514
exclud 2 8575
exclus 1 8585
exercis 1 8590
expand 2 8595
expans 1 8607
expect 2 8613
expenditur 1 8625
expens 1 8630
experi 1 8635
experienc 1 8640
expir 1 8644
explain 1 8649
export 1 8655
exposur 1 8660
express 1 8666
extend 1 8673
extraordinari 4 8679
fabric 1 8701
face 1 8706
fact 1 8712
fair 1 8718
fall 5 8724
farmer 2 8752
farmer-own 1 8761
father 1 8765
favor 2 8771
feb 4 8781
februari 4 8803
fed 1 8827
feder 2 8833
feed 1 8845
feedgrain 1 8851
feet 1 8855
fell 2 8861
fertil 1 8873
fetch 1 8878
few 1 8884
fewer 1 8888
fgrp 1 8893
figur 5 8898
fiji 1 8922
file 3 8928
final 2 8945
financi 2 8954
find 2 8965
fire 1 8976
firm 3 8982
firmli 1 9000
first 4 9006
fiscal 2 9030
fit 1 9041
five 9 9045
five-day 1 9093
fix 2 9097
float 1 9108
flour 1 9114
flow 2 9119
fluctuat 1 9129
fob 1 9135
focu 1 9139
follow 6 9145
food 1 9176
for 1 9181
forc 1 9187
forecast 1 9193
foreign 2 9199
forfeitur 1 9210
form 2 9216
formal 1 9226
former 1 9231
formerli 1 9237
forward 1 9242
four 6 9247
four-week 1 9280
fourth 3 9286
free 2 9302
freight 1 9313
friday 1 9318
from 3 9324
froze 1 9342
frozen 1 9347
fuel 2 9352
full 3 9364
fulli 1 9379
fund 1 9385
fundament 1 9391
further 5 9397
futur 5 9424
ga 1 9450
gabon 1 9456
gain 5 9462
gao 1 9488
garden 1 9494
gat 2 9499
gener 2 9510
get 1 9520
give 1 9525
given 1 9531
global 1 9537
gmt 1 9543
go 4 9548
goe 1 9569
good 1 9575
got 1 9581
govern 1 9587
grade 1 9593
grain 1 9598
graphic 1 9604
group 3 9609
grow 1 9627
growth 4 9632
guarante 1 9656
guatemala 1 9661
guinea 1 9667
gulf 1 9673
gulfex 1 9679
guyana 1 9684
ha 2 9690
had 3 9702
hail 1 9720
haiti 1 9725
half 2 9731
halt 2 9742
hand 2 9753
handel 1 9762
handi 1 9768
handler 1 9773
harman 1 9779
harri 1 9784
harvard 1 9789
harvest 1 9795
have 1 9799
he 1 9805
head 1 9811
heavi 1 9817
heavili 2 9823
held 4 9835
helm 1 9856
help 2 9862
herbicid 1 9873
herd 1 9878
hi 1 9884
high 3 9890
high-pressur 1 9908
higher 1 9913
highest 1 9919
highli 1 9924
hnh 1 9930
hog 1 9935
hold 1 9941
holder 2 9947
holdov 1 9957
home 2 9963
hondura 2 9973
hong 1 9984
hope 1 9990
hous 1 9995
houston 1 10000
houston-bas 1 10005
how 1 10010
howard 1 10014
howev 4 10019
hr 1 10043
hrw 1 10048
humid 1 10053
hundr 1 10057
hutton 1 10061
i 3 10067
ico 1 10082
idb 1 10087
idbx 1 10093
if 1 10099
ii 1 10105
iii 1 10109
ill. 1 10113
illinoi 1 10118
immedi 2 10123
impact 3 10134
import 1 10151
improv 3 10157
in 2 10173
inc 1 10185
inc. 1 10191
inch 1 10196
includ 8 10202
incom 1 10245
increas 10 10251
index 1 10305
india 1 10310
individu 2 10316
industri 1 10327
inflat 1 10333
inform 1 10338
ingal 1 10343
initi 2 10348
institut 2 10360
interest 2 10371
intermedi 1 10381
intern 1 10387
interview 1 10393
into 3 10399
introduct 2 10416
inventori 1 10427
invest 2 10432
involv 1 10444
is 2 10449
issu 2 10461
it 1 10472
iv 1 10478
ivaco 1 10482
ivori 1 10488
jamaica 1 10494
jan 3 10500
januari 3 10516
january-decemb 1 10534
japan 1 10539
jefferi 1 10544
jess 1 10550
john 1 10556
joliet 1 10561
jul 1 10566
juli 2 10570
jun 1 10578
june 2 10582
kansa 1 10594
kc 1 10599
keep 1 10604
kenneth 2 10610
kid 1 10621
kilo 1 10627
kind 1 10631
kingdom 1 10637
knight 1 10642
kong 1 10647
l.a. 1 10653
l.p. 1 10658
la 1 10663
label 1 10668
lambert 1 10673
lane 1 10679
languag 1 10685
languish 1 10690
larg 1 10695
largest 1 10701
larri 1 10706
larsen 1 10712
last 6 10717
late 5 10752
latest 5 10777
law 1 10804
lawn 1 10809
lb 1 10814
lead 1 10820
learn 1 10825
least 3 10831
led 2 10847
lehman 1 10858
less 2 10864
lesser 1 10876
lesson 1 10882
letter 1 10888
level 1 10894
lewi 1 10900
liberti 1 10906
licens 1 10912
license 2 10917
lieb 1 10927
liebert 1 10933
life 1 10939
lift 1 10944
light 2 10950
like 1 10960
limit 1 10966
limp 1 10970
line 2 10975
linoil 1 10986
linse 1 10990
lipper 1 10994
liquor 1 11000
lo 2 11004
load 2 11015
loan 1 11027
locat 1 11033
long 3 11039
loss 1 11056
lou 1 11062
loui 2 11067
low 1 11077
lower 3 11083
lt 15 11099
ltd 4 11189
lubbck 1 11213
lubbock 2 11218
lubric 1 11229
lugano 1 11234
m-1 1 11239
madagascar 1 11245
made 4 11251
magma 1 11272
maiz 1 11277
major 5 11281
make 2 11308
malawi 1 11320
manag 4 11326
manufactur 1 11350
mar 1 11355
march 2 11359
march-may 1 11371
marin 1 11376
mariotim 1 11381
mark 2 11386
market 2 11397
matrix 1 11409
mattress 1 11414
matur 1 11419
mauritiu 1 11423
may 4 11429
mayb 1 11453
mcd 1 11458
mcdonald 1 11463
mclean 1 11468
meal 1 11473
mean 1 11478
meet 2 11482
member 1 11494
memphi 1 11499
memphis 1 11504
merchant 2 11509
merger 1 11520
meridian 1 11526
mexico 1 11532
miami-bas 1 11538
michael 1 11544
mid 1 11550
mid-30 1 11556
midday 1 11561
middl 2 11565
middlemen 1 11576
mideast 1 11580
midnight 1 11586
might 1 11592
mii 1 11598
milk 1 11603
mill 1 11608
mine 1 11614
minim 1 11619
minneapoli 1 11625
minor 1 11630
miss 1 11635
mississippi 1 11641
mizrahi 1 11646
mkt 1 11652
mln 2 11658
mlotok 1 11670
modifi 1 11676
monday 1 11681
money 1 11687
month 12 11693
monthli 1 11756
morbelli 1 11761
more 3 11766
mortgag 1 11784
morton 1 11789
most 1 11795
moussavar-rahmani 1 11801
move 3 11807
movement 1 11824
mozambiqu 1 11830
mpl 1 11836
mrdn 1 11841
mth 1 11847
much 1 11852
multipl 1 11856
must 1 11862
mutual 3 11868
n't 1 11883
n.a 2 11888
n.a.-not 1 11897
n.v. 1 11901
n.y. 2 11906
n.z 1 11916
name 4 11922
nar 1 11942
nation 3 11947
natl 1 11963
natur 1 11967
ncnb 1 11973
near 1 11978
near-record 1 11984
nearbi 1 11989
nearli 1 11993
need 3 11999
neg 2 12016
negoti 2 12028
net 1 12038
never 1 12044
nevi 1 12050
new 2 12056
newmont 1 12068
next 1 12073
nil 1 12079
nine 8 12086
no 2 12129
noncash 1 12141
nor 1 12147
norf. 1 12152
normal 1 12157
north 2 12161
northern 2 12171
not 3 12183
note 10 12201
note:1986 1 12255
nov 1 12260
novebm 1 12265
novemb 2 12270
now 1 12281
nspa 1 12287
nt 1 12292
number 2 12298
o'malley 1 12310
oat 2 12315
obod 1 12324
obtain 2 12329
occur 2 12339
oct 2 12349
octob 1 12357
of 1 12362
off 1 12368
offer 3 12373
offic 2 12389
offici 1 12401
offset 1 12407
ohio 1 12412
oil 1 12417
oilse 1 12423
old 3 12427
omb 1 12441
omt 1 12447
on 2 12452
one 4 12464
onli 4 12488
opec 1 12508
open 3 12515
oper 1 12530
optim 1 12536
optimist 1 12542
option 1 12548
or 1 12554
order 1 12560
organ 1 12565
other 3 12571
our 1 12589
out 4 12594
outlay 1 12617
outlin 1 12623
outlook 3 12629
output 1 12645
outstand 7 12651
over 4 12689
over-the-counter- 1 12709
overal 2 12714
owe 1 12725
owen 1 12730
owensboro 1 12735
own 2 12740
pace 2 12751
pacif 1 12761
pact 1 12767
page 1 12773
paid 2 12779
pan 1 12789
panama 2 12794
paper 2 12805
papua 1 12815
paraguay 1 12821
part 1 12827
partial 1 12833
particularli 1 12839
past 1 12845
patch 1 12851
paul 1 12857
pay 11 12863
payabl 9 12923
payment 4 12970
payout 1 12992
pct 4 12998
peninsula 1 13022
peoria 1 13027
per 2 13032
percentag 2 13044
perform 2 13055
period 3 13066
perrin 1 13084
peru 1 13090
peso 1 13096
pessimist 1 13101
pesticid 1 13107
petrochem 1 13112
petroleum 2 13117
phi 1 13129
phil 1 13134
philippin 2 13139
pik 1 13150
pillsburi 1 13155
pipelin 2 13160
place 1 13171
plan 4 13177
plung 1 13201
point 1 13206
polar 1 13211
polici 1 13216
poll 1 13222
pom 1 13228
poor 1 13233
pork 1 13239
port 2 13245
portion 2 13254
portland 1 13265
posit 1 13271
possibl 1 13277
post 2 13283
post-split 1 13295
postpon 1 13301
potomac 1 13306
power 1 13311
practic 1 13316
preclud 1 13320
prefer 1 13326
premium 1 13331
prepar 2 13337
prescott 1 13349
present 2 13354
presid 4 13364
president-invest 1 13386
presidenti 1 13392
press 1 13397
pressur 1 13403
prev 1 13409
prevail 1 13413
previou 1 13419
previous 3 13425
price 2 13440
primari 1 13452
primarili 2 13457
princip 3 13469
principl 1 13487
printer 1 13492
prior 5 13497
prior-year 1 13525
probabl 3 13530
problem 1 13547
process 1 13553
processor 3 13558
produc 4 13572
product 1 13595
professor 1 13601
profit 3 13607
program 1 13625
project 2 13631
prompt 1 13643
properti 1 13649
propos 1 13655
prospect 1 13661
provid 2 13666
prudential-bach 1 13676
public 1 13682
publicli 1 13688
publish 1 13694
pulp 1 13698
purchas 3 13703
purpos 3 13719
purus 1 13736
qtli 10 13741
qtr 6 13794
qtrli 1 13828
qualiti 1 13833
quarter 1 13839
quarterli 3 13845
question 1 13863
quot 2 13869
quota 1 13879
r-n.c. 1 13885
radio 1 13891
railroad 1 13896
rais 2 13902
rang 4 13914
rate 4 13936
rate-x 1 13958
raw 1 13962
rbsn 1 13968
reach 1 13974
readdress 1 13980
readi 1 13986
realist 1 13991
realti 1 13997
realtor 1 14002
reason 3 14007
receiv 2 14025
recent 4 14036
recommend 2 14057
record 21 14067
recov 1 14178
redeem 1 14184
redempt 1 14190
redistribut 1 14195
reduc 3 14200
reduct 1 14217
reflect 1 14223
reform 1 14229
regain 1 14234
region 2 14240
regist 2 14252
registr 1 14261
regular 6 14265
regularli 1 14298
regulatori 1 14303
reintroduc 1 14308
reiter 1 14313
rel 1 14319
relat 3 14325
releas 5 14342
reluct 1 14368
remain 3 14372
remov 1 14389
reorgan 1 14394
rep 1 14399
repeat 2 14405
report 1 14415
repurchas 1 14421
request 1 14427
research 3 14433
reserv 1 14449
residenti 1 14455
resist 1 14460
resourc 1 14465
restor 1 14470
restructur 2 14474
result 1 14484
resumpt 2 14490
retir 1 14500
return 1 14506
reuter 4 14512
rev 1 14534
revenu 1 14540
revers 1 14546
review 1 14551
revis 1 14555
rica 1 14561
right 1 14567
rise 3 14572
river 1 14590
road 1 14595
robeson 1 14601
rol 1 14607
rollin 1 14612
rose 1 14617
rosemari 1 14623
routin 1 14628
rumor 1 14632
run 1 14638
ryan 1 14643
rye 1 14648
said 1 14653
sale 2 14659
salomon 1 14671
salvador 1 14677
same 2 14683
save 1 14694
saviour 1 14699
say 1 14704
schedul 6 14709
schlang 1 14741
seali 1 14746
season 4 14751
seattl 1 14772
second 4 14777
secondari 1 14798
section 1 14803
secur 4 14808
sedio 1 14832
see 6 14837
seek 2 14870
seem 2 14881
seen 2 14890
sell 4 14902
seller 1 14926
sen. 1 14931
senat 1 14937
senior 1 14943
sens 1 14949
separ 1 14955
sept 1 14961
septemb 2 14966
servic 1 14976
servicemast 1 14982
session 3 14987
set 1 15003
seven 7 15009
sever 1 15047
sevic 1 15053
shamrock 1 15058
share 4 15064
share-out 1 15088
sharehold 3 15093
she 1 15111
shearson 1 15116
ship 1 15123
shipment 3 15129
shipper 1 15142
short 2 15146
shortag 1 15157
shortfal 2 15162
shortli 1 15172
shot 1 15178
should 4 15183
show 1 15206
shower 1 15212
shr 1 15216
signific 2 15222
silent 1 15233
sinc 2 15239
singer 1 15251
singl 2 15257
situat 1 15269
six 8 15274
slacken 1 15319
slide 1 15325
slightli 1 15331
slm 1 15337
slow 2 15343
small 1 15354
smallest 1 15360
smith 1 15366
snyder 1 15370
so 1 15375
soar 1 15381
sold 5 15386
some 3 15411
soon 1 15429
sorg 1 15435
sorghum 3 15440
sort 1 15453
sourc 2 15459
south 1 15471
soyb 1 15476
soybean 1 15481
special 4 15486
specif 1 15507
specul 1 15513
spin 1 15519
spinnoff 1 15525
spinoff 1 15531
splinter 1 15537
split 1 15542
spoke 1 15548
spokeman 1 15554
spokesman 1 15560
spokeswoman 2 15566
spot 2 15577
sprigg 1 15587
srw 1 15593
st 2 15598
st. 1 15608
st.christopher- 1 15613
stabil 1 15619
stabl 1 15624
stage 1 15629
stake 1 15633
stand 1 15639
standard 1 15643
start 1 15648
state 1 15654
statement 2 15659
station 1 15671
statist 2 15676
steadi 1 15687
steel 1 15692
steep 1 15698
still 2 15704
stock 3 15713
stock' 1 15731
stockhold 1 15736
stockpil 1 15741
stockton 1 15747
strang 1 15752
street 1 15758
strict 1 15763
strohmaier 1 15769
strong 1 15774
studi 1 15780
subject 4 15786
subordin 1 15808
subproduct 1 15814
subsequ 1 15818
subsidiari 4 15824
substanti 3 15846
such 1 15862
suffici 1 15868
sugar 1 15873
suggest 1 15879
sum 1 15885
sunflowerse 1 15891
sunoil 1 15895
super 1 15899
superior+ 1 15904
suppli 2 15908
surplu 1 15920
surplus 1 15925
surpris 1 15930
svm 1 15935
swaziland 1 15940
swing 1 15946
switch 1 15952
switzerland 1 15957
sww 1 15962
syst 1 15967
system 1 15972
systemat 1 15978
t. 1 15983
tag 1 15989
taiwan 1 15994
take 2 16000
talk 2 16012
tanker 1 16023
target 1 16028
tariff 1 16033
tax 2 16038
tch 1 16048
teach 1 16054
techamerica 1 16060
technolgi 1 16066
technolog 1 16071
telecom 2 16077
telephon 2 16089
temporao 1 16100
ten 1 16104
tender 1 16110
term 3 16115
termin 4 16132
territori 1 16153
tex 1 16158
texa 2 16163
thailand 1 16175
than 2 16181
that 1 16193
the 1 16200
their 2 16206
them 1 16218
then 3 16224
there 2 16241
therebi 1 16253
these 3 16259
they 1 16275
thi 1 16281
think 2 16287
third 1 16298
third-quart 1 16303
thoma 1 16308
those 4 16314
thought 1 16334
thousand 3 16340
three 1 16353
three-for-two 1 16359
through 1 16364
throughout 1 16370
thursday 1 16374
ticket 1 16380
time 1 16385
tka 1 16391
tmk 1 16396
to 2 16402
today 1 16414
togeth 1 16420
told 6 16426
toledo 1 16460
tomorrow 3 16465
ton 2 16480
tonight 1 16491
tonka 1 16496
tonn 1 16501
too 1 16507
torchmark 1 16512
total 4 16518
toward 1 16542
toy 1 16547
track 1 16553
trade 2 16558
transact 1 16570
transfer 1 16575
transit 1 16580
transport 2 16585
travel 1 16596
treatment 1 16602
tri 1 16607
trinidad-tobago 1 16613
true 1 16619
trustco 1 16625
ttx 1 16630
tuccillo 1 16635
tuesday 2 16640
tultex 1 16652
turben 1 16657
two 4 16662
two-for-on 2 16686
two-week 1 16698
typic 1 16704
u. 6 16709
u.s. 5 16741
unabl 1 16771
uncertain 1 16776
unchang 1 16782
under 8 16787
undertak 1 16829
undervalu 1 16834
undisclos 1 16840
unhappi 1 16845
unit 4 16851
univers 3 16872
unlik 2 16889
unreal 1 16901
unrel 1 16907
until 2 16913
up 3 16924
upco 1 16942
upland 1 16947
uruguay 2 16953
us 1 16963
usa 1 16968
usda 1 16974
use 2 16980
util 1 16992
v 1 16997
vacant 1 17001
valu 3 17007
valuabl 1 17025
valuat 1 17030
variat 1 17036
variou 2 17042
veget 2 17052
veri 1 17061
versu 2 17067
vessel 3 17077
vi 1 17092
vice 2 17096
view 1 17108
virginia 1 17112
volum 1 17117
vote 1 17123
vs 2 17127
wa 8 17139
wae 1 17187
wait 2 17193
wall 1 17204
want 3 17209
warrant 1 17226
wast 1 17231
water 1 17236
way 1 17242
wco 1 17248
we 2 17254
weak 1 17265
weather 1 17271
wedndsday 1 17277
wednesday 1 17283
wednesday' 1 17289
week 3 17295
weekli 5 17313
weigh 1 17338
weight 1 17344
well 2 17349
went 1 17360
were 4 17364
west 2 17388
what 2 17399
wheat 2 17411
when 5 17421
whether 3 17449
which 6 17465
while 2 17501
white 1 17513
who 2 17518
whole 1 17529
wholly-own 1 17535
wide 1 17541
widespread 1 17547
wilfr 1 17552
will 2 17558
window 1 17570
winter 1 17576
wire 1 17582
wish 1 17588
with 4 17594
within 2 17618
wnx 1 17628
woodco 1 17633
work 1 17638
world 3 17643
worldwid 1 17661
wors 1 17666
worth 1 17671
would 2 17677
wrather 1 17689
writedown 1 17695
x 1 17701
x-1986 1 17705
y-dlr 1 17709
year 2 17713
year-ago 2 17725
year-on-year 1 17736
yellow 1 17742
yemen 1 17747
yergin 1 17752
yesterday 1 17758
york 5 17764
you 2 17791
your 1 17803
yr 1 17809
yr-ago 1 17814
zealand 3 17820
zimbabw 1 17837
zone 1 17843
