1 5 6 9 10 11 12 13 14 18 19 22 23 24 27 29 30 36 37 38 40 41 42 44 45 46 47 48 49 50 53 56 57 58 59 64 65 66 68 69 71 74 75 76 77 78 80 81 82 83 85 86 87 89 92 93 94 95 96 97 98 99 100 101 102 103 104 105 106 108 109 110 111 113 121 123 124 125 126 127 128 129 130 132 133 134 135 136 138 139 140 142 143 144 145 146 147 151 152 153
144,7
110,1
144,4 145,1 153,1
18,1 110,1
1,1
105,1
105,2 121,1
110,1
10,1
128,1
49,5 66,1 74,1 82,1 87,1 93,1 138,1 140,1 146,1
1,1
104,1
22,2
5,1
42,2 105,1 143,1
46,1
93,1
74,1
38,2
27,1
6,1
98,1
1,1
1,1
1,1
46,1
1,1
1,1
1,2
104,2
23,1
93,1
1,1 38,1
38,1
40,1
93,1
65,1
11,1 45,1
27,1
38,1 42,1
5,1
82,2
18,1
40,1
66,1
97,2 109,1 123,1
5,1
18,1 66,1 110,1
97,1
97,1
97,1
97,1
97,2
57,2
97,5 127,1
97,1
97,1
18,1 27,1
97,2
97,3
14,1 97,1
97,1
5,1
97,1
97,1
86,1
97,1
97,1
97,3
97,2
124,1
97,1 104,1
97,1
97,2
97,1
82,1
5,1
93,1 123,1
97,1
140,1
24,1 45,1 80,1 109,1 121,1 136,1 138,1 147,1
105,3
151,1
98,1
105,4
6,2 96,1 138,1
45,1
87,1
104,1
74,1
98,1
5,1 59,1
6,1
105,1
66,1
59,1
6,1
58,1
47,1
6,1 13,1 24,1 125,1
124,1
105,1
45,1
125,1
98,1
96,1
66,1
126,1
126,1 130,1
6,1
59,1
80,1
69,1
6,1
19,1
66,2 75,1 86,1 87,1 146,1
105,1
87,1
64,1 134,1
14,1
104,1
135,1
59,2
69,1
59,3
59,1
98,1
23,1 36,1 49,1 71,1 82,1 89,1 125,1 139,1 152,1
66,1
6,1
100,1
6,1
140,1
109,1
105,1
41,1
11,1
59,3
59,3
59,1
41,1
5,1 87,1 109,1
105,1
66,1
6,1 29,1
135,1
59,3
105,1
59,1
6,1
6,1
40,2 49,1 82,1 108,1 109,1 136,1 139,1
105,1
6,1
144,3
6,1 74,1
47,1 147,1
13,1 56,1
58,1
126,1
1,1
138,1
104,2 111,1 139,1
24,1
69,1
74,1
127,1
24,1
100,1
74,1
138,1
105,1
81,1
6,1
6,1
37,1 96,1 144,1
105,1
121,1
100,1
121,1
135,1
77,2 80,1
105,1
82,1
40,1
6,1
65,1
66,1
5,1 41,1 96,1
27,1
37,1
80,2
98,1
29,1
58,1
5,2
45,1
5,1 47,1
145,3
123,2 138,1 140,1
130,3
18,2 23,1
12,1
59,10
27,1
13,1
13,1
1,1
24,1
38,2
1,1
1,1
1,1
37,1
98,1
6,1
11,1
13,1
59,2
6,2
97,4
111,2 153,1
97,2
97,2
97,1
124,1 138,1
97,1
1,3
1,1
111,1
5,1
97,1
12,1
5,1
97,1
97,1
40,1 97,1
97,2
5,3
97,2
41,1 100,1
97,1
97,1
97,1
97,1
97,1
97,2
41,1
97,2
65,1
97,1
97,1
97,1
38,1 64,1 138,1
97,1
97,1
97,1
97,1
97,3
97,1
110,2 113,1 142,1
6,3
6,1
82,1
37,1
110,1
10,2
109,1
24,1
135,1
124,1
69,2
105,1
6,1
23,1
109,1
47,1
58,1
65,1
81,1
37,1
6,1
1,1 37,1
69,1
38,1
124,1
66,1
5,1 9,1 126,1 146,1
140,1
6,1
130,1
58,1
135,1
74,1 125,1
74,1
6,1
147,2
105,1
69,1
69,2
6,1
27,1
38,1
47,1
153,1
49,2 86,1 104,1 135,1
105,1
124,1
105,1
133,2
74,1
100,1
96,1
65,1
49,2 66,1 89,1
1,1 12,1 23,1 47,1
138,1
59,1 66,1
45,1
140,1
82,1
65,1
13,1 56,1
13,1
11,1
13,1
37,1
74,1
13,1
145,1
98,1
142,1
24,1
97,2
97,2
97,1
97,1
14,1 23,1 97,1
14,1 23,1 97,1
65,1
97,2
97,1
97,3
5,2
97,3
97,1
6,1
97,1
5,1
5,1
29,1
110,1
66,1
6,1
97,3
45,1
126,1
50,1
109,2
56,1
100,1
111,1
109,1
145,3
138,1
109,2
14,1
110,1
45,1
135,1
140,1
6,1
11,1
6,1
121,1
80,1
23,1
14,1
11,1 18,1 37,1
151,1
100,1
6,1
1,1
53,2 56,1 121,1
93,1
123,1
151,1
1,1
58,1
18,1 145,1
125,1
98,1
23,2 98,1 105,1 145,1
19,1
105,1
6,1
96,1
76,2 80,1
138,1
49,2
105,1
6,1
49,1 147,1
13,1
6,1
1,1
1,1
1,1
1,1
1,1
1,1
1,1
1,1
37,1
98,1
13,1
110,1
97,1
97,1
29,1
126,1
66,1
29,1
121,1
97,1
5,1
5,2
97,2
82,1
97,1
97,1
97,1
97,1
97,1
97,2
97,3
97,1
18,2 121,1
49,1
13,1
24,1 138,1
105,1
13,1
93,1
123,1
140,1
11,1
13,1
1,1 38,1 109,1
56,1
74,1
6,1
109,1
125,1
41,1 66,1
46,1
41,1
66,3
66,1
145,1
11,1
11,1
65,1
6,2
6,1
6,1
74,3 98,1 126,1 138,1 145,1 151,1
5,1 104,1
27,1
151,1
13,1
105,1
46,1
97,2
140,1
5,2
5,1
1,1
74,1
74,1
1,1
27,1
10,1
109,1
57,1
126,1
41,1
13,1
13,1
11,1
104,1
138,1
104,1
109,1
24,1
65,1
6,1
41,1
41,1
151,1
13,1
38,1
5,1
41,1
142,1
27,1
82,1
1,1
1,1
74,1
6,1 125,1
1,1 96,1 145,1
126,1
145,1
126,1
145,1
125,1
6,1
1,1 151,1
145,1
130,2
82,1
6,1
6,1
109,1
58,1
145,1
145,1
56,1
81,2
126,1 130,1
95,2 109,1
80,1
80,1
22,2
23,1
58,1
14,1 23,1
104,1
12,1
50,1
65,1
65,1
5,1
41,1
24,1
105,13
138,1
105,1
59,1
147,1
6,1
48,1
48,1
36,1
124,1
145,1
6,1 38,1
145,1
142,1
145,1
50,1
24,2 65,1
24,1
110,1
30,2 58,1
14,1
111,1
111,1
111,1
111,1
111,1
126,1
10,1
105,1
109,2
1,1
6,1
151,1
27,1
126,1
82,1
1,2
145,1
110,2
41,1
151,1
65,1
6,1
142,1
11,1
125,1
5,2 12,1
6,1
38,1
69,1
27,1
6,1
6,2
6,1
6,1
1,1
46,1 105,1 135,1 143,1
40,1
151,1
6,1
96,1
38,1 100,1 153,1
74,1 130,1
138,1
58,1
58,1
27,1
37,1
82,1
37,1
74,1
65,1
1,1
14,1
128,2 130,1 134,1 135,1 138,1 139,1 140,1 142,1 143,1 145,1 146,1 147,1 151,1 152,1 153,1
128,2 130,1 134,1 135,1 138,1 139,1 140,1 142,1 143,1 145,1 146,1 147,1 151,1 152,1 153,1
144,8
147,2 153,1
144,2
110,3 144,1
144,2
47,1
80,2
47,1 110,1
106,1 110,1
46,1
47,1 109,1 136,1
10,1 45,1 56,1 68,1 153,1
130,2
18,1 109,1
57,1
110,1
46,1
64,1 109,1 110,1 144,1
10,2
144,4
104,7 109,1 111,1 134,1
12,1 136,1
144,1
75,1
96,1 135,1
41,2 75,1 123,1
110,1
45,1 109,1
135,1
1,1 59,1 144,1
136,2
49,2
48,1 56,1 69,1 100,1 124,1
44,1
144,2
136,3
110,2 143,1 153,1
113,2
1,1
105,6
1,1 109,1
18,1
110,1
147,2
1,1 47,1 144,1
56,6
97,1
97,1
50,2 74,1
110,13 124,1 152,1
47,1
75,1
68,1 74,1 147,1
144,2
136,1 144,1
144,6
110,1
110,1
153,3
153,1
45,3 64,1 109,1 110,1 136,1
18,1
47,2
45,2 47,1 57,1 104,1 110,1
87,2 130,1 146,1
45,1 56,1
47,1
18,1
144,1
111,1
134,2
45,1
12,1
128,2 146,1
6,7
85,2 87,1 108,1 113,1 139,1 143,1 144,1 146,1 147,1 152,1
45,3
130,2 144,1 145,1
1,2
110,1
6,2
1,1 105,1
143,1
143,1
1,1 109,1
18,1 44,1
1,2
1,1
145,2 147,1
97,2
110,2
124,2 144,1
136,2 144,1 146,1 153,1
74,1
74,2
45,1
45,1
1,4
18,1 105,1
147,2
1,1 5,1 11,1 145,1 151,1
109,1
111,2
66,2 98,1 138,1
47,1
19,2
110,1
23,1 87,1
144,1
49,2 56,1
1,5 42,1
1,4
56,1
45,1
97,1
97,1
108,1
109,10
44,1
105,1
59,4
5,2
145,2
45,1 104,1
42,2 46,1 56,1
145,1
87,3
144,5
57,2
110,2
109,2 110,1 144,1
144,2
105,1 113,1
56,1 83,1
110,2
105,1
12,1 121,1
18,2 56,1
110,2
45,1 125,1 135,1
23,1
14,1
23,1
59,10
45,1
110,1
144,1
110,1 145,1
123,2
23,1 109,1
18,2
9,2 23,1 45,1 135,1 147,1
44,1
105,1
19,4
1,1 80,1 110,1 145,1
110,2
109,6
109,5
18,1
125,2 135,1 153,1
144,4
6,1
47,2 105,1
1,1
6,1
40,1
109,1
125,1
127,1
97,1
58,1
110,2
110,1 144,1
23,6
5,1
136,1
48,1
153,1
69,5 97,1
110,2
144,5 145,1 153,1
1,2
10,1 68,1 135,1 153,1
144,2
110,3 111,1 125,1 127,1 135,1
153,1
130,1
59,2
1,1
13,1 110,1
145,1
59,2 111,1
144,1
144,2
18,1 105,1
123,1
49,3
93,1
69,1
110,3
124,2
45,1
135,1
124,2
1,1
11,1
13,1
64,1
136,4
45,1
22,1
136,2
11,1
57,2
98,1
145,3
22,3 98,1
109,2 110,1 144,1
144,1
136,1
10,1 44,1 45,1 134,1
136,13
9,1
18,1 135,1 136,1
110,1
9,2
10,1 45,1 75,1 110,1 130,1 135,1 145,1
144,1
41,2
44,1
144,1
45,2
45,11
97,2
110,1
121,2
97,1
97,1
38,1
10,1
23,1 56,1 127,1
81,1 97,1 139,1
87,2
130,1
109,2
144,1
126,1
110,1 134,1
144,1
37,1
18,2 22,1 66,1 82,1 110,1 128,1
105,1
11,1
1,7
68,3
42,2 75,1
130,4
47,1
105,1
85,1
1,2 144,1
1,5
110,2
83,1
110,2
80,2
1,1 49,1 96,1 125,1 135,1 153,1
136,1
136,1
97,3
125,2 135,1 147,1
142,1
145,2 146,1 147,1 153,1
100,3 130,1 136,1
59,4
45,2
10,2 19,1 44,1
110,1
10,7 37,1
45,1
10,1 40,1 44,1 123,1 144,1 153,1
12,1
105,1
12,1
97,1
110,3
12,1
1,2
110,1
136,1
42,1
42,1 45,1
123,2
127,2
110,1
110,2
10,1 144,1 153,1
1,1 147,1
68,1
127,1
22,3
98,1
97,2
135,2 139,1 143,1 145,1 147,1
19,1 23,1 57,1 97,1
109,1
56,1 124,1
136,6
105,1
136,1
104,5
110,5 136,1
42,1 47,1 105,1 109,1
44,1
57,2 113,1
57,1
1,1
10,1
57,1 110,1
109,2
145,1
47,1
144,1
1,5 6,1
44,1
127,3
47,1
69,3
1,1 47,1
85,1
152,2
139,1
145,1
105,2
1,2 47,1
144,2
45,2 46,1 68,1
127,3 144,1
5,2 97,1
96,3
96,1
66,1
138,1
138,1
109,2
18,1
144,1
153,2
144,1
109,3 127,1
59,1
18,5
147,2
147,1
45,1
47,1
1,6 59,1 145,1
100,3 105,1 113,1 130,1 142,1 144,1
23,1 75,1 82,1 113,1 146,1 147,1
12,1 23,1 56,1 80,1 130,1
136,1
144,1
109,2
12,1
42,2 75,1
1,1
10,1 59,1
144,5
97,2
121,3 136,1
45,1 136,1 153,1
100,4
18,1
1,1
6,1 105,1
136,2
56,1
18,1
127,1
127,3
110,1 134,1 145,1
109,1
144,1
45,1
1,1
144,1
82,1
9,1 23,1 144,1
110,1
145,1
125,1
109,3
45,1 75,1
82,2
42,2 45,1 50,1 75,1
109,2
152,2
130,1
47,1
110,1
113,4 139,1 146,1 147,1
56,1 110,1
126,1
145,9 147,1 153,1
5,1
144,1
110,2
45,1 56,1 82,1 97,1 123,1
105,1
47,1
66,1
81,1
10,1
1,2
18,5
124,2
47,1 130,1
153,3
57,2
29,3 80,1
1,1
109,2 130,1 136,1
97,2
109,3 145,1
97,2
18,1
110,1
128,2
1,1 12,1 18,1 49,1
130,3 144,1
57,1
123,3 130,1
144,1
110,2
47,3
47,1 111,1
105,1
57,2
144,1
152,1
24,1
18,1 22,1 23,1 97,1 104,1 127,1 136,1
71,2 81,1 144,1 147,1
75,1
105,1
135,1
66,1 128,1
24,1
110,1
18,1
45,1
144,2
128,2
53,1
53,1
128,1
130,1
136,1
145,4
49,1
110,1
144,2
134,1
56,1 85,1
19,1 110,1
110,1
18,1
10,1
5,2 49,1
45,1
18,1 136,1
144,1
153,1
153,2
10,1
125,2
109,1
24,1
81,1 109,1
97,1
121,2
104,1
97,1
42,1 144,1
109,1
97,1
59,3
45,1
18,3
144,2
50,1 59,1 74,1 82,1 96,1 106,1 110,1 125,1 135,1 140,1 153,1
13,1 80,1
10,1
10,2
110,1 136,1
136,1
130,2 144,1
56,2
12,1
18,1
1,1
45,1
134,1
75,2
110,2
110,13
109,2
11,1 93,1 123,1 140,1
68,1
144,1
110,1
130,1
77,2 80,1 121,1 124,1 127,1
1,2 65,1
5,2
153,2
29,1 40,1
95,2 96,1 125,1 135,1
109,2 111,1 124,1 147,1
109,6
109,3 111,1
121,2
5,1
145,1
109,2 145,1
45,1
110,1
1,1
81,1
65,1
1,2 6,1 69,1 82,1 109,1
105,1
96,1 125,1 135,1
1,1 46,1
74,1 110,1
45,1 110,1
136,1
125,2 135,1 144,1
136,1
123,3 125,1 144,1 145,1
56,3 145,1
1,1
9,1 10,1 11,1 59,1 83,1 113,1 138,1 145,1 146,1
5,1
47,1 144,1
109,6
19,3
23,2 45,1
113,1
1,1
136,1
5,1 6,1 75,1 104,1 105,1 145,1
18,4
153,2
144,1
111,1
48,2 140,1
136,1
10,1 19,1
75,1
136,1
74,1
11,1
13,1 19,1 24,1 110,1 111,1 130,1
111,1
45,2 56,1 145,1
95,2 109,1
59,2
109,2
145,2 146,1 147,1
47,1
18,1
110,1 136,1
45,1 82,1 87,1
110,1
113,3
135,2
40,1 47,1 59,1 104,1 123,1
6,1 10,1 42,1 110,1 113,1
145,3
105,1
64,2 66,1 74,1 93,1 123,1
136,9
45,1
64,1 134,1
10,1 58,1
29,1
109,2
144,1
110,1
81,1
1,1 45,1 110,1 136,1
110,1
110,2
110,1
136,3
97,1
136,2
56,1
135,4 142,1 151,1
40,1
100,2 110,1 121,1 123,1
57,2
105,1
105,1
134,2
68,2
105,1
144,2 153,1
109,6 110,1 127,1
47,1
105,1
81,2 109,1
47,1 144,1
1,1 45,1
130,1
41,1
104,1
41,1
56,2
144,1
1,1
153,2
144,5
121,2
110,1
110,2 136,1
1,1 45,1 109,1 125,1
136,1
10,1 110,1
45,1
121,1
153,2
109,2 121,1 123,1
68,1
144,2
29,1
110,1
41,1
121,2
144,2
23,1 82,1
109,1
29,1 47,1
57,2 105,1
125,2
45,1
29,1
10,1
68,1
1,2
18,1
109,1 110,1 136,1 144,1
97,2
97,2
1,1
1,1
110,1
5,1 45,1 110,1
75,3
142,1
142,1
144,2
5,1
5,1
97,2
59,4
22,1 144,1
10,1 109,1 136,1
105,7
23,2 27,1 123,1
145,2 153,1
153,2
45,1
104,2
74,2 75,1 80,1 83,1 93,1 113,1 138,1 140,1
145,2
23,3 40,1 47,1 58,1 59,1 87,1 100,1 123,1 136,1 146,1
47,1
105,1
45,1 105,1
144,2
47,3
75,1
45,1
113,2 144,1
58,2 109,1
40,1 45,1
127,1
110,2
144,1
45,1 110,1 144,1
56,1 130,1
19,1
135,2 153,1
45,2
144,8 146,1
12,1 144,1
147,6
5,5
123,3
105,1
105,1
13,1 66,1 135,1
100,3 105,1 121,1
46,1
18,1
110,1
136,1
29,1
59,1
6,1
1,5 5,1
6,2
144,2 147,1
97,1
97,1
144,2
18,1 153,1
130,1
1,2
110,1
18,1
45,1
125,2
97,1
45,1
97,1
10,1
153,1
110,1
37,1
45,1
109,4
45,1
110,1
18,1
69,2 110,1 123,1 127,1 130,1 144,1
1,1 12,1 18,1 45,1 144,1
30,2 66,1 81,1 109,1 127,1
29,1
45,2
104,2
47,1
144,1
40,1 47,1 136,1
96,1 135,1
110,1
109,1 136,1
110,1
144,1
109,1
123,3
110,4
113,2
18,1
10,1 12,1
128,1
128,4
27,1
110,1
1,1 127,1
136,2
1,2
47,2
57,2 127,1
6,1
6,1
110,1
1,1
97,1 153,1
106,3 124,1
136,3
104,5
82,2 110,1 123,1
151,7
97,2
59,2 97,1
104,1
59,2 96,1 121,1
128,2 130,1 134,1 135,1 138,1 139,1 140,1 142,1 143,1 145,1 146,1 147,1 151,1 152,1 153,1
125,2 140,1 144,1 146,1
97,1
97,1 104,1
68,1
10,1
111,6
105,1
1,1 29,1 109,1 127,1
22,2
6,1
18,1 80,1 81,1 130,1 144,1
110,2 135,1
105,1
135,3 136,1 144,1 153,1
68,1
6,7
145,2 152,1
19,1
68,1
44,1
81,1 110,1
144,5 153,1
10,1
12,2
5,1
105,1
144,4 146,1 147,1 153,1
45,1
18,1
18,1
44,2
69,1
1,1
144,7 146,1
69,3
97,2
59,2
59,1 106,1
128,3
108,1
105,1
135,1
110,1
136,1
45,1
1,1
12,1 104,1
1,1
144,1
104,1
110,2
44,1
18,1
124,1
22,1
123,2
97,1
36,1
109,1
59,3
144,3
104,1
151,2 153,1
144,1
75,2
109,1
111,2
6,1 23,1 41,1 42,1 46,1 47,1 56,1 75,1 125,1 130,1 144,1 145,1
47,1
45,3
136,5 144,1 153,1
50,2
130,1
110,1
144,1
10,1 110,1 111,1
144,1
105,1
97,1
108,1
66,2
1,2
110,1
144,3
30,2 58,1 96,1
45,1
5,1 83,1
5,1
10,1
77,2 81,1
100,2
1,1 82,1 87,1 144,1
29,2
80,2 81,1 139,1
5,2
109,2
74,1
104,1
29,1
1,1
109,1
47,1 110,1 144,1
109,1 136,1
42,1 44,1
151,2
144,1
105,1
130,2 144,1
22,1
144,2
105,36
13,1 14,1 23,1 47,1 53,1 140,1 145,1 151,1
109,4 153,1
145,1
97,1
97,1
1,1
19,2 49,1
129,2 146,1
144,6 145,1 151,1
45,2 66,1 74,1 82,1 87,1 93,1 109,1 138,1 140,1 146,1
83,1
59,1
83,1
29,1 113,1
144,3
69,4
146,1
109,1 121,1
40,1
5,1 97,1
36,1
1,1 136,1
10,1 81,1
1,3 5,1
47,1
153,5
18,1
59,10 93,1 97,1
136,2 153,1
153,2
64,1
59,2
145,3
6,3
1,1 29,1 56,1
136,1
12,1
147,2 153,1
110,2 123,1 144,1 147,1
1,1 69,1 97,1 110,1
144,16
1,2 45,1 109,1
135,2
144,1
144,1
110,1
153,3
56,2
144,2
110,3 130,1 144,1
18,1
45,1 110,1 136,1 144,1
136,1
110,1
23,1 59,1 144,1
144,2
10,1 12,1 80,1 96,1 125,1 147,1 153,1
1,1 49,1 56,1 127,1
45,1
18,1 109,1
64,1
36,1
59,1
29,1 125,1
29,1 56,1
125,1
144,1
140,1
19,1 23,1
74,1
49,2 105,1
76,2 80,1
105,1
105,1
110,4
110,3
123,1
110,1
130,1
144,1
10,1 36,1 71,1 85,1 86,1 89,1 108,1 139,1 143,1 146,1 152,1
23,1 24,1 37,1 53,1 82,1 83,1 87,1 113,1 147,1
13,1 47,1 104,1 136,1
113,2
135,2 136,1 147,1 153,1
74,1
97,2
145,4 147,1
59,1 110,1
18,1 110,1
109,3 113,1 142,1
110,1
105,1
82,8
144,1
45,1
68,2
140,1 144,1
82,1
97,2
82,3 105,1
97,1
19,1
64,1 134,1
110,2
110,2 135,1 147,1 153,1
47,1
59,4
46,1
144,1
111,1
66,1
109,1
121,3
1,3 97,1
29,1 147,1
106,3
110,2
110,1
127,2 134,1
146,1
42,1
66,1
66,1
1,1
110,1
13,1
110,1
130,1 136,1
45,1
42,2 75,1
18,1 40,1 110,1 130,1
153,1
27,1
109,1
123,1
6,8
104,1
124,2
29,1 40,1 57,1
144,7 145,1
82,1
130,1 153,1
125,1 144,1 147,1
44,1
10,1
87,2 89,1 108,1 109,1 152,1
56,1
18,1 110,1 144,1
144,6
68,1
1,1 18,1 69,1
75,3 104,1 109,1 145,1
144,6
153,1
138,6 145,1 151,1
136,6
121,2 130,1
144,1
145,2
129,2
56,2
18,1 40,1
110,1
110,1
125,1
1,1
68,1
10,1 19,1 147,1
58,1 125,1 153,1
74,1
53,2 71,1 82,1 83,1 85,1 86,1 89,1 108,1 143,1 152,1
74,3 98,1 126,1 138,1 145,1 151,1
87,1
104,2
145,2
113,2 143,1 147,1
110,1
59,2 82,1
144,2
136,1
24,1
124,1
135,2 139,1
18,1 56,1 109,1 110,1
59,2 82,1 104,1 113,1
5,2
105,1
135,1
123,1
144,1
45,1
110,1
29,1
29,1
109,2 110,1 130,1
46,1 128,1
1,1 56,1 123,1 135,1
9,1 135,1
23,2 24,1 29,1 36,1 37,1 40,1 53,1 64,1 71,1 82,1 83,1 85,1 86,1 87,1 89,1 108,1 113,1 139,1 143,1 147,1 152,1
145,1
147,1
97,1
42,1
57,1 110,1 121,1
127,2
110,3
18,1
144,1
109,2 144,1
1,1 57,1
6,5
49,1 85,1 89,1 108,1 147,1 152,1
45,1
44,1
42,1
144,1
109,1
12,1 109,1 110,1
5,2 80,1 81,1 100,1 136,1
1,1
56,1 110,1 136,1
45,1
10,1
105,1
18,1 47,1
145,5
147,1
136,1
37,1 56,1 144,1
145,2
45,1
45,2
66,1
1,1
23,2 41,1
145,2
42,1 75,1
153,1
130,2
6,1 111,1 136,1 144,1
151,2
145,4
47,1
1,2
111,1
105,1
10,2
100,3 111,1 144,1
59,9
110,1
135,5
45,1
45,1
123,2
45,1
1,1
110,7
56,2
18,1
97,1
153,2
130,2 134,1
144,1
105,1
59,3 124,1
74,1
47,1
95,2
42,1 45,1 49,1 80,1 136,1 144,1
45,5
12,2
1,1 29,1 100,1 111,1
97,2
23,1 56,1 81,1 109,1
93,1
59,1
110,2 125,1 135,1 153,1
10,2
18,1 40,1 64,1 123,1 130,1 144,1
29,1 153,1
1,1 47,1
110,1 121,1
110,4 134,1 144,1 153,1
29,1
136,1
136,1
153,2
110,1
109,1
59,2
42,1 57,1
110,2
45,1
59,1 75,1 144,1
144,2
12,1 13,1 23,1 56,1 106,1 138,1 145,1
110,1
45,1
127,2
145,4 146,1 147,1 153,1
75,1
128,2 146,1 147,1
45,2
110,12
106,3
1,2 6,1 19,1
1,2
46,2 105,1
47,2
42,1 75,1
136,1
45,1
18,2 111,1 123,1 136,1
136,2
1,1
151,2
29,1 147,1
110,1
110,2 144,1
135,1
109,1 130,1
47,1
13,3 56,1 93,1 106,1 109,1 144,1 146,1 151,1
144,1
144,1
121,2
104,1
45,1 136,1
109,2
109,3
1,5
45,1
144,1
47,1
1,2 10,1 64,1 96,1 134,1
110,3 144,1 153,1
144,1
97,1
5,2 6,1 97,1
144,1
136,2 144,1
59,2
97,1
69,4
50,2 68,1 83,1 113,1
136,1
110,1
110,1
110,1
110,5
75,1
146,3
144,1
109,1
109,4
45,1 127,1
1,1 104,1
144,1
97,2
59,2 97,1
97,1
105,1
97,1
40,1
1,1
153,3
1,1
40,3
121,1
44,1
109,2 130,1
59,1
48,1 100,1
59,1
123,1
130,1
1,3 75,1
146,2 147,1 153,1
10,1
24,1
136,1
97,2
109,1
45,1
104,1
45,1
110,2
136,2
44,1 46,1 134,1 146,1
147,1
6,2
123,1
44,2 56,1 128,1 134,1
12,1 23,1 123,1
110,2
47,1
105,2
136,2
104,1
6,2
6,1
49,1
1,1
111,2 144,1
47,1
47,2
45,2
45,1
105,1
130,1
57,2
10,1
97,2
89,1
109,2
89,1
144,1
10,1
105,1
110,1 144,1
75,1 110,1
49,1
47,1
59,1
41,2 64,1
151,1
144,1
151,1
10,1
134,2
129,2 146,1
82,1 144,1
1,2
143,2
45,2
44,1 110,1 128,1
10,7 64,1 97,1 134,1
66,1
97,2
104,1 127,1
105,1
136,3 144,1
144,10
153,4
144,2 153,1
144,1
47,1 136,1 144,1
109,4 147,1
110,1
12,1 97,1 145,1
153,4
144,2
45,1 110,1
23,1
18,1
153,2
6,1 18,1 59,1 123,1
144,1
1,1 6,1 45,1
152,3
23,1
144,2
1,1
109,3
10,1
147,2
86,1
147,1
147,3 153,1
127,2
144,1
18,2 40,1 109,1 136,1 144,1 153,1
97,2
42,1 49,1 75,1
46,4 105,1
75,1
86,1
121,2
18,1
147,2
124,2 125,1 135,1 153,1
47,1
130,1
97,2
100,2 121,1
64,1
44,3
49,1
44,1 109,1
110,1
29,1
144,2
105,1
110,1
40,3
71,1
29,1
109,3 110,1
71,1
45,1
113,2 127,1 144,1 145,1
129,2 146,1
109,3
12,1
45,1 46,1 49,1 57,1 104,1 124,1
111,2 121,1 123,1 124,1 127,1
45,1
144,1
42,1
1,1 10,1 29,1 47,1 57,1 109,1 128,1 144,1
42,1
110,1
68,1
110,1
64,2 93,1 97,1 134,1
27,1 144,1 153,1
110,1 144,1
140,1
109,1
42,1 109,1
121,2 125,1 136,1
27,1
104,3
1,2 105,1
18,1
113,1
136,2
104,1 110,1
68,1
5,6
110,1
110,5 123,1 145,1
45,1
110,1
110,1
18,1 44,1
6,1 18,1
110,2
46,1 59,1
49,1 59,1 68,1
5,2
130,1 153,1
1,1
66,1
110,1
9,1
151,6 152,1
110,2 111,1 121,1 127,1 130,1 135,1 144,1 145,1
152,1
49,3 106,1
45,1
45,2 110,1 144,1
10,3
45,7
110,1
144,2
125,1
18,1 144,1
127,2
109,1
109,1
109,6
109,1
124,7 138,1 144,1
1,1 46,1 48,1 69,1 100,1
136,1
46,1
12,1 110,1
1,1
121,2 144,1 145,1 147,1
18,1 127,1
110,1 144,1
19,4 97,1
45,1 46,1 113,1 125,1 144,1
18,1 45,1 136,1
110,3 113,1 125,1 134,1 136,1 145,1
111,1 136,1
57,3
45,1 144,1
109,2
128,1
109,1
47,2
152,1
144,3 146,1
109,2
144,1
109,1
144,1
110,2 125,1 135,1 144,1
44,1 47,1
45,1
10,2
47,1
104,5 121,1 144,1
10,1
47,1
110,1
136,2 144,1
125,4
145,2
5,1
5,1
5,1
145,5 151,1
69,2 121,1
100,1
97,1
19,2
144,1
110,2
80,3 81,1 96,1 110,1 144,1
110,1 144,1
110,2
74,2
140,1
48,1 100,1 125,1
105,1
1,1
