4959 3538 1989 1719 4761 8429 10685 9723 12421 8433
1982 3433 8918 8674 8641 8273 9781 5822 8182 9727

11938 6299 8951 10397 11193 4591 12183 4952 10151 4509
7670 7847 10459 2714 27 6105 2815 10089 8574 6278

11938 8951 10397 11982 11193 12183 4509 10913 12805 7638
8510
9904 3944 1665 13092 13114 8731 5876 10921 10922 10885
4976 13141 8709 8965 7158 3717 10556 5566 11143 12905
4062 13512 12801 9787 7555 9748 11905 6983 7686 13471
10323 11946 9862 10654 14034 4686 4253 2608 4452 10755
4386 8089 10750 4281 8959 9849 6413 11559 11100 368
12009 14340 8213 241 1094 8554 12935 10860 9382 9283
4189 14103 1243 10129 1280 10834 6556 5946 3821 7107
9988 2683 12229 4516 78 513 6324 12969 14178 9850
10000 8023 9642 7277 7385 6106 6459 6205 4253 7245
3395 4751 9919 4816 3367 6116 11064 9465 9607 9637
4097 13242 4742 5734 8591 8657 4769 7323 13201 3047
2593 2148 5556 2591 5926 5100 14516 11736 3247 2089